Z12=0.4;
Z13=0.3;
Z23=0.2;
Z21=Z12;
Z32=Z23;
Z31=Z13;
Z11=Z12+Z13;
Z22=Z21+Z23;
Z33=Z31+Z32;
Z=[Z11,Z12,Z13;Z21,Z22,Z23;Z31,Z32,Z33]
y12=(1/Z12);
y13=(1/Z13);
y23=(1/Z23);
Y12=(-y12);
Y13=(-y13);
Y23=(-y23);
Y21=Y12;
Y31=Y13;
Y32=Y23;
Y11=y12+y13;
Y22=y12+y23;
Y33=y13+y23;
Y=[Y11,Y12,Y13;Y21,Y22,Y23;Y31,Y32,Y33]
